999
FreeCAD v0.19 23578 (Git)
  0
SECTION
  2
HEADER
  9
$ACADVER
  1
AC1014
  9
$ACADMAINTVER
 70
     9
  9
$DWGCODEPAGE
  3
ANSI_1252
  9
$TEXTSTYLE
  7
STANDARD
  9
$DIMSTYLE
  2
STANDARD
  9
$DIMTXSTY
  7
STANDARD
  9
$CMLSTYLE
  2
STANDARD
  9
$PEXTMAX
 10
50
 20
50
 30
50
  9
$PEXTMIN
 10
0
 20
0
 30
0
  9
$HANDSEED
  5
FFFF
  0
ENDSEC
  0
SECTION
  2
CLASSES
  0
CLASS
  1
ACDBDICTIONARYWDFLT
  2
AcDbDictionaryWithDefault
  3
ObjectDBX Classes
 90
        0
280
     0
281
     0
  0
CLASS
  1
XRECORD
  2
AcDbXrecord
  3
ObjectDBX Classes
 90
        0
280
     0
281
     0
  0
CLASS
  1
LWPOLYLINE
  2
AcDbPolyline
  3
ObjectDBX Classes
 90
        0
280
     0
281
     1
  0
ENDSEC
  0
SECTION
  2
TABLES
  0
TABLE
  2
VPORT
  5
20
330
0
100
AcDbSymbolTable
 70
     1
  0
VPORT
  5
21
330
20
100
AcDbSymbolTableRecord
100
AcDbViewportTableRecord
  2
*ACTIVE
 70
     0
  0
ENDTAB
  0
TABLE
  2
LTYPE
  5
22
330
0
100
AcDbSymbolTable
 70
     1
  0
LTYPE
  5
23
330
21
100
AcDbSymbolTableRecord
100
AcDbLinetypeTableRecord
  2
BYBLOCK
 70
     0
  3

 72
    65
 73
     0
 40
0.0
  0
LTYPE
  5
24
330
21
100
AcDbSymbolTableRecord
100
AcDbLinetypeTableRecord
  2
BYLAYER
 70
     0
  3

 72
    65
 73
     0
 40
0.0
  0
LTYPE
  5
25
330
21
100
AcDbSymbolTableRecord
100
AcDbLinetypeTableRecord
  2
CONTINUOUS
 70
     0
  3
Solid line
 72
    65
 73
     0
 40
0.0
  0
ENDTAB
  0
TABLE
  2
LAYER
  5
A80
330
0
100
AcDbSymbolTable
 70
2
  0
LAYER
  5
A81
330
A80
100
AcDbSymbolTableRecord
100
AcDbLayerTableRecord
  2
0
 70
   0
 62
   7
  6
CONTINUOUS
  0
LAYER
  5
A82
330
A80
100
AcDbSymbolTableRecord
100
AcDbLayerTableRecord
  2
View
 70
    0
 62
    7
  6
CONTINUOUS
  0
ENDTAB
  0
TABLE
  2
STYLE
  5
70
330
0
100
AcDbSymbolTable
 70
     2
  0
STYLE
  5
71
330
70
100
AcDbSymbolTableRecord
100
AcDbTextStyleTableRecord
  2
STANDARD
 70
     0
 40
0.0
 41
1.0
 50
0.0
 71
     0
 42
2.5
  3
arial.ttf
  4

  0
STYLE
  5
72
330
70
100
AcDbSymbolTableRecord
100
AcDbTextStyleTableRecord
  2
ANNOTATIVE
 70
     0
 40
0.0
 41
1.0
 50
0.0
 71
     0
 42
2.5
  3
arial.ttf
  4

  0
ENDTAB
  0
TABLE
  2
VIEW
  5
73
330
0
100
AcDbSymbolTable
 70
     0
  0
ENDTAB
  0
TABLE
  2
UCS
  5
74
330
0
100
AcDbSymbolTable
 70
     0
  0
ENDTAB
  0
TABLE
  2
APPID
  5
75
330
0
100
AcDbSymbolTable
 70
     2
  0
APPID
  5
76
330
75
100
AcDbSymbolTableRecord
100
AcDbRegAppTableRecord
  2
ACAD
 70
     0
  0
APPID
  5
77
330
75
100
AcDbSymbolTableRecord
100
AcDbRegAppTableRecord
  2
ACADANNOTATIVE
 70
     0
  0
ENDTAB
  0
TABLE
  2
DIMSTYLE
  5
78
330
0
100
AcDbSymbolTable
 70
     2
  0
DIMSTYLE
105
79
330
78
100
AcDbSymbolTableRecord
100
AcDbDimStyleTableRecord
  2
STANDARD
 70
     0
  3

  4

  5

  6

  7

 40
0.0
 41
2.5
 42
0.625
 43
3.75
 44
1.25
 45
0.0
 46
0.0
 47
0.0
 48
0.0
140
2.5
141
2.5
142
0.0
143
0.03937007874016
144
1.0
145
0.0
146
1.0
147
0.625
 71
     0
 72
     0
 73
     0
 74
     0
 75
     0
 76
     0
 77
     1
 78
     8
170
     0
171
     3
172
     1
173
     0
174
     0
175
     0
176
     0
177
     0
178
     0
270
     2
271
     2
272
     2
273
     2
274
     3
340
71
275
     0
280
     0
281
     0
282
     0
283
     0
284
     8
285
     0
286
     0
287
     3
288
     0
  0
ENDTAB
  0
TABLE
  2
BLOCK_RECORD
  5
A01
330
0
100
AcDbSymbolTable
  70
5
  0
BLOCK_RECORD
  5
A02
330
A01
100
AcDbSymbolTableRecord
100
AcDbBlockTableRecord
  2
*MODEL_SPACE
  0
BLOCK_RECORD
  5
A03
330
A01
100
AcDbSymbolTableRecord
100
AcDbBlockTableRecord
  2
*PAPER_SPACE
  0
ENDTAB
  0
ENDSEC
  0
SECTION
  2
BLOCKS
  0
BLOCK
  5
A04
330
A02
100
AcDbEntity
  8
0
100
AcDbBlockBegin
  2
*MODEL_SPACE
 70
   0
 10
0
 20
0
 30
0
  3
*MODEL_SPACE
  1
 
  0
ENDBLK
  5
A05
330
A02
100
AcDbEntity
  8
0
100
AcDbBlockEnd
  0
BLOCK
  5
A06
330
A03
100
AcDbEntity
 67
1
  8
0
100
AcDbBlockBegin
  2
*PAPER_SPACE
 70
   0
 10
0
 20
0
 30
0
  3
*PAPER_SPACE
  1
 
  0
ENDBLK
  5
A07
330
A03
100
AcDbEntity
 67
    1
  8
0
100
AcDbBlockEnd
  0
ENDSEC
  0
SECTION
  2
ENTITIES
  0
SPLINE
  5
A08
330
A02
100
AcDbEntity
  8
View
100
AcDbSpline
210
0
220
0
230
1
 70
8
 71
3
 72
8
 73
4
 74
0
 40
3.72856
 40
3.72856
 40
3.72856
 40
3.72856
 40
12.9485
 40
12.9485
 40
12.9485
 40
12.9485
 10
136.119
 20
100.709
 30
0
 10
133.591
 20
100.617
 30
0
 10
130.007
 20
100.617
 30
0
 10
127.478
 20
100.709
 30
0
  0
SPLINE
  5
A09
330
A02
100
AcDbEntity
  8
View
100
AcDbSpline
210
0
220
0
230
1
 70
8
 71
1
 72
4
 73
2
 74
0
 40
0.395496
 40
0.395496
 40
1
 40
1
 10
138.88
 20
100.569
 30
0
 10
139.309
 20
100.133
 30
0
  0
LINE
  5
A0A
330
A02
100
AcDbEntity
  8
View
100
AcDbLine
 10
139.309
 20
100.133
 30
0
 11
139.309
 21
100.53
 31
0
  0
SPLINE
  5
A0B
330
A02
100
AcDbEntity
  8
View
100
AcDbSpline
210
0
220
0
230
1
 70
8
 71
3
 72
23
 73
19
 74
0
 40
-0.13304
 40
-0.13304
 40
-0.13304
 40
-0.13304
 40
0
 40
0
 40
0
 40
4.16926
 40
4.16926
 40
4.16926
 40
8.33851
 40
8.33851
 40
8.33851
 40
12.5078
 40
12.5078
 40
12.5078
 40
16.677
 40
16.677
 40
16.677
 40
16.8101
 40
16.8101
 40
16.8101
 40
16.8101
 10
139.309
 20
100.133
 30
0
 10
139.287
 20
100.13
 30
0
 10
139.264
 20
100.128
 30
0
 10
139.242
 20
100.126
 30
0
 10
138.536
 20
100.055
 30
0
 10
137.455
 20
99.9951
 30
0
 10
136.15
 20
99.9539
 30
0
 10
134.847
 20
99.9125
 30
0
 10
133.324
 20
99.8902
 30
0
 10
131.799
 20
99.8903
 30
0
 10
130.274
 20
99.8902
 30
0
 10
128.751
 20
99.9125
 30
0
 10
127.448
 20
99.9539
 30
0
 10
126.143
 20
99.9951
 30
0
 10
125.061
 20
100.055
 30
0
 10
124.355
 20
100.126
 30
0
 10
124.333
 20
100.128
 30
0
 10
124.311
 20
100.13
 30
0
 10
124.289
 20
100.133
 30
0
  0
SPLINE
  5
A0C
330
A02
100
AcDbEntity
  8
View
100
AcDbSpline
210
0
220
0
230
1
 70
8
 71
1
 72
4
 73
2
 74
0
 40
0.395496
 40
0.395496
 40
1
 40
1
 10
124.718
 20
100.569
 30
0
 10
124.289
 20
100.133
 30
0
  0
SPLINE
  5
A0D
330
A02
100
AcDbEntity
  8
View
100
AcDbSpline
210
0
220
0
230
1
 70
8
 71
3
 72
23
 73
19
 74
0
 40
-0.194005
 40
-0.194005
 40
-0.194005
 40
-0.194005
 40
0
 40
0
 40
0
 40
4.16926
 40
4.16926
 40
4.16926
 40
8.33851
 40
8.33851
 40
8.33851
 40
12.5078
 40
12.5078
 40
12.5078
 40
16.677
 40
16.677
 40
16.677
 40
16.871
 40
16.871
 40
16.871
 40
16.871
 10
124.289
 20
100.53
 30
0
 10
124.321
 20
100.533
 30
0
 10
124.354
 20
100.536
 30
0
 10
124.386
 20
100.539
 30
0
 10
125.1
 20
100.609
 30
0
 10
126.182
 20
100.669
 30
0
 10
127.481
 20
100.709
 30
0
 10
128.778
 20
100.75
 30
0
 10
130.287
 20
100.772
 30
0
 10
131.799
 20
100.772
 30
0
 10
133.311
 20
100.772
 30
0
 10
134.82
 20
100.75
 30
0
 10
136.117
 20
100.709
 30
0
 10
137.415
 20
100.669
 30
0
 10
138.498
 20
100.609
 30
0
 10
139.211
 20
100.539
 30
0
 10
139.244
 20
100.536
 30
0
 10
139.276
 20
100.533
 30
0
 10
139.309
 20
100.53
 30
0
  0
LINE
  5
A0E
330
A02
100
AcDbEntity
  8
View
100
AcDbLine
 10
124.289
 20
100.133
 30
0
 11
124.289
 21
100.53
 31
0
  0
ELLIPSE
  5
A0F
330
A02
100
AcDbEntity
  8
View
100
AcDbEllipse
 10
131.799
 20
100.34
 30
0
 11
9.5627
 21
-3.66115e-15
 31
0
 40
0.052336
 41
-1.5708
 42
-0.0662486
  0
ELLIPSE
  5
A10
330
A02
100
AcDbEntity
  8
View
100
AcDbEllipse
 10
131.799
 20
100.34
 30
0
 11
9.5627
 21
-3.66115e-15
 31
0
 40
0.052336
 41
-6.16098
 42
-4.71239
  0
ELLIPSE
  5
A11
330
A02
100
AcDbEntity
  8
View
100
AcDbEllipse
 10
131.799
 20
100.34
 30
0
 11
9.5627
 21
-3.66115e-15
 31
0
 40
0.052336
 41
-3.07534
 42
-1.5708
  0
ELLIPSE
  5
A12
330
A02
100
AcDbEntity
  8
View
100
AcDbEllipse
 10
131.799
 20
100.34
 30
0
 11
9.5627
 21
-3.66115e-15
 31
0
 40
0.052336
 41
-4.71239
 42
-3.2638
  0
SPLINE
  5
A13
330
A02
100
AcDbEntity
  8
View
100
AcDbSpline
210
0
220
0
230
1
 70
8
 71
2
 72
6
 73
3
 74
0
 40
4.55306
 40
4.55306
 40
4.55306
 40
4.66567
 40
4.66567
 40
4.66567
 10
141.29
 20
100.401
 30
0
 10
141.376
 20
100.259
 30
0
 10
141.402
 20
100.116
 30
0
  0
SPLINE
  5
A14
330
A02
100
AcDbEntity
  8
View
100
AcDbSpline
210
0
220
0
230
1
 70
8
 71
1
 72
17
 73
15
 74
0
 40
4.66567
 40
4.66567
 40
4.7812
 40
4.89674
 40
5.01228
 40
5.12782
 40
5.24335
 40
5.35889
 40
5.47443
 40
5.58996
 40
5.7055
 40
5.82104
 40
5.93657
 40
6.05211
 40
6.16765
 40
6.28319
 40
6.28319
 10
141.402
 20
100.116
 30
0
 10
141.389
 20
99.8221
 30
0
 10
141.249
 20
99.5306
 30
0
 10
140.983
 20
99.2452
 30
0
 10
140.594
 20
98.9699
 30
0
 10
140.088
 20
98.7082
 30
0
 10
139.472
 20
98.4638
 30
0
 10
138.753
 20
98.2398
 30
0
 10
137.942
 20
98.0392
 30
0
 10
137.048
 20
97.8648
 30
0
 10
136.085
 20
97.7187
 30
0
 10
135.065
 20
97.6031
 30
0
 10
134
 20
97.5194
 30
0
 10
132.907
 20
97.4687
 30
0
 10
131.799
 20
97.4517
 30
0
  0
SPLINE
  5
A15
330
A02
100
AcDbEntity
  8
View
100
AcDbSpline
210
0
220
0
230
1
 70
8
 71
1
 72
17
 73
15
 74
0
 40
0
 40
0
 40
0.106135
 40
0.21227
 40
0.318404
 40
0.424539
 40
0.530674
 40
0.636809
 40
0.742943
 40
0.849078
 40
0.955213
 40
1.06135
 40
1.16748
 40
1.27362
 40
1.37975
 40
1.48589
 40
1.48589
 10
131.799
 20
102.709
 30
0
 10
132.808
 20
102.695
 30
0
 10
133.806
 20
102.653
 30
0
 10
134.781
 20
102.583
 30
0
 10
135.722
 20
102.485
 30
0
 10
136.62
 20
102.362
 30
0
 10
137.463
 20
102.215
 30
0
 10
138.243
 20
102.045
 30
0
 10
138.95
 20
101.854
 30
0
 10
139.576
 20
101.644
 30
0
 10
140.115
 20
101.417
 30
0
 10
140.56
 20
101.177
 30
0
 10
140.907
 20
100.926
 30
0
 10
141.151
 20
100.666
 30
0
 10
141.29
 20
100.401
 30
0
  0
SPLINE
  5
A16
330
A02
100
AcDbEntity
  8
View
100
AcDbSpline
210
0
220
0
230
1
 70
8
 71
1
 72
17
 73
15
 74
0
 40
0
 40
0
 40
0.115537
 40
0.231074
 40
0.346611
 40
0.462148
 40
0.577685
 40
0.693222
 40
0.808759
 40
0.924296
 40
1.03983
 40
1.15537
 40
1.27091
 40
1.38644
 40
1.50198
 40
1.61752
 40
1.61752
 10
131.799
 20
97.4517
 30
0
 10
130.691
 20
97.4687
 30
0
 10
129.597
 20
97.5194
 30
0
 10
128.533
 20
97.6031
 30
0
 10
127.513
 20
97.7187
 30
0
 10
126.549
 20
97.8648
 30
0
 10
125.656
 20
98.0392
 30
0
 10
124.844
 20
98.2398
 30
0
 10
124.126
 20
98.4638
 30
0
 10
123.509
 20
98.7082
 30
0
 10
123.003
 20
98.9699
 30
0
 10
122.615
 20
99.2452
 30
0
 10
122.349
 20
99.5306
 30
0
 10
122.208
 20
99.8221
 30
0
 10
122.196
 20
100.116
 30
0
  0
SPLINE
  5
A17
330
A02
100
AcDbEntity
  8
View
100
AcDbSpline
210
0
220
0
230
1
 70
8
 71
2
 72
6
 73
3
 74
0
 40
1.61752
 40
1.61752
 40
1.61752
 40
1.73012
 40
1.73012
 40
1.73012
 10
122.196
 20
100.116
 30
0
 10
122.222
 20
100.259
 30
0
 10
122.307
 20
100.401
 30
0
  0
SPLINE
  5
A18
330
A02
100
AcDbEntity
  8
View
100
AcDbSpline
210
0
220
0
230
1
 70
8
 71
1
 72
17
 73
15
 74
0
 40
4.7973
 40
4.7973
 40
4.90343
 40
5.00957
 40
5.1157
 40
5.22184
 40
5.32797
 40
5.43411
 40
5.54024
 40
5.64638
 40
5.75251
 40
5.85865
 40
5.96478
 40
6.07092
 40
6.17705
 40
6.28319
 40
6.28319
 10
122.307
 20
100.401
 30
0
 10
122.446
 20
100.666
 30
0
 10
122.691
 20
100.926
 30
0
 10
123.037
 20
101.177
 30
0
 10
123.483
 20
101.417
 30
0
 10
124.022
 20
101.644
 30
0
 10
124.648
 20
101.854
 30
0
 10
125.355
 20
102.045
 30
0
 10
126.135
 20
102.215
 30
0
 10
126.978
 20
102.362
 30
0
 10
127.875
 20
102.485
 30
0
 10
128.817
 20
102.583
 30
0
 10
129.792
 20
102.653
 30
0
 10
130.79
 20
102.695
 30
0
 10
131.799
 20
102.709
 30
0
  0
LINE
  5
A19
330
A02
100
AcDbEntity
  8
View
100
AcDbLine
 10
109.264
 20
96.8386
 30
0
 11
154.06
 21
96.8386
 31
0
  0
SPLINE
  5
A1A
330
A02
100
AcDbEntity
  8
View
100
AcDbSpline
210
0
220
0
230
1
 70
8
 71
3
 72
11
 73
7
 74
0
 40
0
 40
0
 40
0
 40
0
 40
0.31139
 40
0.31139
 40
0.31139
 40
0.62278
 40
0.62278
 40
0.62278
 40
0.62278
 10
110.577
 20
103.856
 30
0
 10
109.931
 20
103.842
 30
0
 10
109.282
 20
103.852
 30
0
 10
108.636
 20
103.842
 30
0
 10
107.993
 20
103.832
 30
0
 10
107.336
 20
103.801
 30
0
 10
106.779
 20
103.713
 30
0
  0
SPLINE
  5
A1B
330
A02
100
AcDbEntity
  8
View
100
AcDbSpline
210
0
220
0
230
1
 70
8
 71
3
 72
11
 73
7
 74
0
 40
0
 40
0
 40
0
 40
0
 40
0.326943
 40
0.326943
 40
0.326943
 40
0.653886
 40
0.653886
 40
0.653886
 40
0.653886
 10
149.399
 20
104.697
 30
0
 10
150.576
 20
104.723
 30
0
 10
151.784
 20
104.695
 30
0
 10
152.896
 20
104.588
 30
0
 10
154.006
 20
104.483
 30
0
 10
155.009
 20
104.296
 30
0
 10
155.699
 20
104.046
 30
0
  0
SPLINE
  5
A1C
330
A02
100
AcDbEntity
  8
View
100
AcDbSpline
210
0
220
0
230
1
 70
8
 71
3
 72
14
 73
10
 74
0
 40
0
 40
0
 40
0
 40
0
 40
0.178762
 40
0.178762
 40
0.178762
 40
0.386086
 40
0.386086
 40
0.386086
 40
1
 40
1
 40
1
 40
1
 10
106.779
 20
103.713
 30
0
 10
106.66
 20
103.693
 30
0
 10
106.524
 20
103.687
 30
0
 10
106.383
 20
103.697
 30
0
 10
106.221
 20
103.709
 30
0
 10
106.058
 20
103.739
 30
0
 10
105.897
 20
103.787
 30
0
 10
105.422
 20
103.927
 30
0
 10
104.995
 20
104.199
 30
0
 10
104.661
 20
104.54
 30
0
  0
ELLIPSE
  5
A1D
330
A02
100
AcDbEntity
  8
View
100
AcDbEllipse
 10
109.189
 20
99.9444
 30
0
 11
-1.06038
 21
2.93363
 31
0
 40
0.961726
 41
2.02454
 42
2.80704
  0
LINE
  5
A1E
330
A02
100
AcDbEntity
  8
View
100
AcDbLine
 10
165.91
 20
107.459
 30
0
 11
156.18
 21
97.729
 31
0
  0
ELLIPSE
  5
A1F
330
A02
100
AcDbEntity
  8
View
100
AcDbEllipse
 10
163.694
 20
109.532
 30
0
 11
3.03374
 21
0.689941
 31
0
 40
0.964257
 41
5.2907
 42
6.06731
  0
ELLIPSE
  5
A20
330
A02
100
AcDbEntity
  8
View
100
AcDbEllipse
 10
154.107
 20
99.9444
 30
0
 11
-0.689941
 21
-3.03374
 31
0
 40
0.964257
 41
0.215877
 42
0.992482
  0
LINE
  5
A21
330
A02
100
AcDbEntity
  8
View
100
AcDbLine
 10
166.8
 20
219.375
 30
0
 11
166.8
 21
109.579
 31
0
  0
ELLIPSE
  5
A22
330
A02
100
AcDbEntity
  8
View
100
AcDbEllipse
 10
163.694
 20
219.45
 30
0
 11
2.93363
 21
-1.06038
 31
0
 40
0.961726
 41
0.334557
 42
1.11705
  0
LINE
  5
A23
330
A02
100
AcDbEntity
  8
View
100
AcDbLine
 10
165.897
 20
221.521
 30
0
 11
156.48
 21
230.938
 31
0
  0
LINE
  5
A24
330
A02
100
AcDbEntity
  8
View
100
AcDbLine
 10
107.118
 20
97.7419
 30
0
 11
97.7008
 21
107.159
 31
0
  0
ELLIPSE
  5
A25
330
A02
100
AcDbEntity
  8
View
100
AcDbEllipse
 10
154.409
 20
228.736
 30
0
 11
1.06038
 21
-2.93363
 31
0
 40
0.961726
 41
2.02454
 42
2.80704
  0
ELLIPSE
  5
A26
330
A02
100
AcDbEntity
  8
View
100
AcDbEllipse
 10
99.9033
 20
109.23
 30
0
 11
-2.93363
 21
1.06038
 31
0
 40
0.961726
 41
0.334557
 42
1.11705
  0
LINE
  5
A27
330
A02
100
AcDbEntity
  8
View
100
AcDbLine
 10
109.538
 20
231.841
 30
0
 11
154.334
 21
231.841
 31
0
  0
LINE
  5
A28
330
A02
100
AcDbEntity
  8
View
100
AcDbLine
 10
96.7974
 20
219.101
 30
0
 11
96.7974
 21
109.305
 31
0
  0
ELLIPSE
  5
A29
330
A02
100
AcDbEntity
  8
View
100
AcDbEllipse
 10
109.491
 20
228.736
 30
0
 11
0.689941
 21
3.03374
 31
0
 40
0.964257
 41
0.215877
 42
0.992482
  0
ELLIPSE
  5
A2A
330
A02
100
AcDbEntity
  8
View
100
AcDbEllipse
 10
99.9033
 20
219.148
 30
0
 11
-3.03374
 21
-0.689941
 31
0
 40
0.964257
 41
5.2907
 42
6.06731
  0
LINE
  5
A2B
330
A02
100
AcDbEntity
  8
View
100
AcDbLine
 10
107.418
 20
230.951
 30
0
 11
97.6879
 21
221.221
 31
0
  0
SPLINE
  5
A2C
330
A02
100
AcDbEntity
  8
View
100
AcDbSpline
210
0
220
0
230
1
 70
8
 71
3
 72
11
 73
7
 74
0
 40
0.379394
 40
0.379394
 40
0.379394
 40
0.379394
 40
0.689697
 40
0.689697
 40
0.689697
 40
1
 40
1
 40
1
 40
1
 10
103.68
 20
106.818
 30
0
 10
103.769
 20
107.371
 30
0
 10
103.803
 20
108.029
 30
0
 10
103.812
 20
108.673
 30
0
 10
103.821
 20
109.321
 30
0
 10
103.809
 20
109.97
 30
0
 10
103.815
 20
110.618
 30
0
  0
SPLINE
  5
A2D
330
A02
100
AcDbEntity
  8
View
100
AcDbSpline
210
0
220
0
230
1
 70
8
 71
3
 72
11
 73
7
 74
0
 40
0
 40
0
 40
0
 40
0
 40
0.577182
 40
0.577182
 40
0.577182
 40
1
 40
1
 40
1
 40
1
 10
104.499
 20
104.702
 30
0
 10
104.176
 20
105.018
 30
0
 10
103.915
 20
105.417
 30
0
 10
103.773
 20
105.861
 30
0
 10
103.666
 20
106.182
 30
0
 10
103.631
 20
106.541
 30
0
 10
103.68
 20
106.818
 30
0
  0
SPLINE
  5
A2E
330
A02
100
AcDbEntity
  8
View
100
AcDbSpline
210
0
220
0
230
1
 70
8
 71
1
 72
4
 73
2
 74
0
 40
0.478225
 40
0.478225
 40
0.521775
 40
0.521775
 10
104.661
 20
104.54
 30
0
 10
104.499
 20
104.702
 30
0
  0
SPLINE
  5
A2F
330
A02
100
AcDbEntity
  8
View
100
AcDbSpline
210
0
220
0
230
1
 70
8
 71
3
 72
17
 73
13
 74
0
 40
0
 40
0
 40
0
 40
0
 40
0.127875
 40
0.127875
 40
0.127875
 40
0.321755
 40
0.321755
 40
0.321755
 40
0.543989
 40
0.543989
 40
0.543989
 40
1
 40
1
 40
1
 40
1
 10
157.751
 20
104.639
 30
0
 10
157.68
 20
104.558
 30
0
 10
157.6
 20
104.48
 30
0
 10
157.51
 20
104.402
 30
0
 10
157.374
 20
104.286
 30
0
 10
157.213
 20
104.183
 30
0
 10
157.057
 20
104.112
 30
0
 10
156.876
 20
104.032
 30
0
 10
156.704
 20
103.982
 30
0
 10
156.542
 20
103.961
 30
0
 10
156.208
 20
103.916
 30
0
 10
155.925
 20
103.965
 30
0
 10
155.699
 20
104.046
 30
0
  0
SPLINE
  5
A30
330
A02
100
AcDbEntity
  8
View
100
AcDbSpline
210
0
220
0
230
1
 70
8
 71
3
 72
11
 73
7
 74
0
 40
0.387656
 40
0.387656
 40
0.387656
 40
0.387656
 40
0.693828
 40
0.693828
 40
0.693828
 40
1
 40
1
 40
1
 40
1
 10
159.492
 20
107.917
 30
0
 10
159.255
 20
108.507
 30
0
 10
159.063
 20
109.351
 30
0
 10
158.94
 20
110.328
 30
0
 10
158.815
 20
111.305
 30
0
 10
158.761
 20
112.404
 30
0
 10
158.772
 20
113.489
 30
0
  0
SPLINE
  5
A31
330
A02
100
AcDbEntity
  8
View
100
AcDbSpline
210
0
220
0
230
1
 70
8
 71
3
 72
17
 73
13
 74
0
 40
0
 40
0
 40
0
 40
0
 40
0.175443
 40
0.175443
 40
0.175443
 40
0.400448
 40
0.400448
 40
0.400448
 40
0.706722
 40
0.706722
 40
0.706722
 40
1
 40
1
 40
1
 40
1
 10
159
 20
105.888
 30
0
 10
159.118
 20
105.993
 30
0
 10
159.241
 20
106.123
 30
0
 10
159.342
 20
106.271
 30
0
 10
159.472
 20
106.462
 30
0
 10
159.543
 20
106.65
 30
0
 10
159.581
 20
106.813
 30
0
 10
159.632
 20
107.037
 30
0
 10
159.635
 20
107.239
 30
0
 10
159.615
 20
107.427
 30
0
 10
159.593
 20
107.607
 30
0
 10
159.552
 20
107.771
 30
0
 10
159.492
 20
107.917
 30
0
  0
SPLINE
  5
A32
330
A02
100
AcDbEntity
  8
View
100
AcDbSpline
210
0
220
0
230
1
 70
8
 71
3
 72
8
 73
4
 74
0
 40
0.38619
 40
0.38619
 40
0.38619
 40
0.38619
 40
0.613805
 40
0.613805
 40
0.613805
 40
0.613805
 10
157.751
 20
104.639
 30
0
 10
158.125
 20
105.058
 30
0
 10
158.581
 20
105.514
 30
0
 10
159
 20
105.888
 30
0
  0
SPLINE
  5
A33
330
A02
100
AcDbEntity
  8
View
100
AcDbSpline
210
0
220
0
230
1
 70
8
 71
3
 72
17
 73
13
 74
0
 40
0
 40
0
 40
0
 40
0
 40
0.25
 40
0.25
 40
0.25
 40
0.5
 40
0.5
 40
0.5
 40
0.75
 40
0.75
 40
0.75
 40
1
 40
1
 40
1
 40
1
 10
152.602
 20
117.151
 30
0
 10
152.886
 20
116.509
 30
0
 10
153.038
 20
115.804
 30
0
 10
153.01
 20
115.101
 30
0
 10
152.985
 20
114.399
 30
0
 10
152.775
 20
113.703
 30
0
 10
152.399
 20
113.111
 30
0
 10
152.024
 20
112.517
 30
0
 10
151.486
 20
112.032
 30
0
 10
150.864
 20
111.711
 30
0
 10
150.242
 20
111.387
 30
0
 10
149.541
 20
111.226
 30
0
 10
148.841
 20
111.212
 30
0
  0
SPLINE
  5
A34
330
A02
100
AcDbEntity
  8
View
100
AcDbSpline
210
0
220
0
230
1
 70
8
 71
3
 72
11
 73
7
 74
0
 40
0
 40
0
 40
0
 40
0
 40
0.310303
 40
0.310303
 40
0.310303
 40
0.620606
 40
0.620606
 40
0.620606
 40
0.620606
 10
159.783
 20
218.062
 30
0
 10
159.789
 20
218.71
 30
0
 10
159.776
 20
219.359
 30
0
 10
159.786
 20
220.007
 30
0
 10
159.795
 20
220.651
 30
0
 10
159.828
 20
221.309
 30
0
 10
159.918
 20
221.862
 30
0
  0
SPLINE
  5
A35
330
A02
100
AcDbEntity
  8
View
100
AcDbSpline
210
0
220
0
230
1
 70
8
 71
3
 72
11
 73
7
 74
0
 40
0
 40
0
 40
0
 40
0
 40
0.422818
 40
0.422818
 40
0.422818
 40
1
 40
1
 40
1
 40
1
 10
159.918
 20
221.862
 30
0
 10
159.966
 20
222.139
 30
0
 10
159.931
 20
222.498
 30
0
 10
159.825
 20
222.819
 30
0
 10
159.683
 20
223.263
 30
0
 10
159.422
 20
223.662
 30
0
 10
159.099
 20
223.978
 30
0
  0
SPLINE
  5
A36
330
A02
100
AcDbEntity
  8
View
100
AcDbSpline
210
0
220
0
230
1
 70
8
 71
1
 72
4
 73
2
 74
0
 40
0.478225
 40
0.478225
 40
0.521775
 40
0.521775
 10
159.099
 20
223.978
 30
0
 10
158.937
 20
224.14
 30
0
  0
SPLINE
  5
A37
330
A02
100
AcDbEntity
  8
View
100
AcDbSpline
210
0
220
0
230
1
 70
8
 71
3
 72
11
 73
7
 74
0
 40
0
 40
0
 40
0
 40
0
 40
0.612192
 40
0.612192
 40
0.612192
 40
1
 40
1
 40
1
 40
1
 10
158.937
 20
224.14
 30
0
 10
158.602
 20
224.482
 30
0
 10
158.176
 20
224.754
 30
0
 10
157.7
 20
224.893
 30
0
 10
157.402
 20
224.983
 30
0
 10
157.074
 20
225.011
 30
0
 10
156.818
 20
224.967
 30
0
  0
SPLINE
  5
A38
330
A02
100
AcDbEntity
  8
View
100
AcDbSpline
210
0
220
0
230
1
 70
8
 71
3
 72
11
 73
7
 74
0
 40
0.37722
 40
0.37722
 40
0.37722
 40
0.37722
 40
0.68861
 40
0.68861
 40
0.68861
 40
1
 40
1
 40
1
 40
1
 10
156.818
 20
224.967
 30
0
 10
156.262
 20
224.879
 30
0
 10
155.604
 20
224.848
 30
0
 10
154.962
 20
224.838
 30
0
 10
154.316
 20
224.828
 30
0
 10
153.667
 20
224.838
 30
0
 10
153.021
 20
224.824
 30
0
  0
SPLINE
  5
A39
330
A02
100
AcDbEntity
  8
View
100
AcDbSpline
210
0
220
0
230
1
 70
8
 71
3
 72
11
 73
7
 74
0
 40
0.394683
 40
0.394683
 40
0.394683
 40
0.394683
 40
0.697341
 40
0.697341
 40
0.697341
 40
1
 40
1
 40
1
 40
1
 10
107.886
 20
224.578
 30
0
 10
108.461
 20
224.362
 30
0
 10
109.274
 20
224.189
 30
0
 10
110.202
 20
224.084
 30
0
 10
111.131
 20
223.977
 30
0
 10
112.165
 20
223.939
 30
0
 10
113.173
 20
223.961
 30
0
  0
SPLINE
  5
A3A
330
A02
100
AcDbEntity
  8
View
100
AcDbSpline
210
0
220
0
230
1
 70
8
 71
3
 72
11
 73
7
 74
0
 40
0
 40
0
 40
0
 40
0
 40
0.363037
 40
0.363037
 40
0.363037
 40
0.726073
 40
0.726073
 40
0.726073
 40
0.726073
 10
104.793
 20
211.775
 30
0
 10
104.809
 20
213.419
 30
0
 10
104.803
 20
215.092
 30
0
 10
104.69
 20
216.689
 30
0
 10
104.581
 20
218.276
 30
0
 10
104.351
 20
219.784
 30
0
 10
103.999
 20
220.739
 30
0
  0
SPLINE
  5
A3B
330
A02
100
AcDbEntity
  8
View
100
AcDbSpline
210
0
220
0
230
1
 70
8
 71
2
 72
30
 73
27
 74
0
 40
1.85517
 40
1.85517
 40
1.85517
 40
1.94706
 40
1.94706
 40
2.03895
 40
2.03895
 40
2.13083
 40
2.13083
 40
2.22272
 40
2.22272
 40
2.31461
 40
2.31461
 40
2.4065
 40
2.4065
 40
2.49838
 40
2.49838
 40
2.59027
 40
2.59027
 40
2.68216
 40
2.68216
 40
2.77404
 40
2.77404
 40
2.86593
 40
2.86593
 40
2.95782
 40
2.95782
 40
3.14159
 40
3.14159
 40
3.14159
 10
100.236
 20
174.545
 30
0
 10
100.274
 20
174.496
 30
0
 10
100.312
 20
174.448
 30
0
 10
100.348
 20
174.387
 30
0
 10
100.385
 20
174.326
 30
0
 10
100.42
 20
174.253
 30
0
 10
100.454
 20
174.179
 30
0
 10
100.487
 20
174.094
 30
0
 10
100.52
 20
174.01
 30
0
 10
100.551
 20
173.914
 30
0
 10
100.581
 20
173.818
 30
0
 10
100.609
 20
173.712
 30
0
 10
100.638
 20
173.606
 30
0
 10
100.663
 20
173.491
 30
0
 10
100.688
 20
173.376
 30
0
 10
100.711
 20
173.253
 30
0
 10
100.733
 20
173.13
 30
0
 10
100.753
 20
173
 30
0
 10
100.772
 20
172.869
 30
0
 10
100.788
 20
172.733
 30
0
 10
100.804
 20
172.596
 30
0
 10
100.817
 20
172.455
 30
0
 10
100.829
 20
172.313
 30
0
 10
100.838
 20
172.168
 30
0
 10
100.847
 20
172.023
 30
0
 10
100.86
 20
171.729
 30
0
 10
100.862
 20
171.43
 30
0
  0
LINE
  5
A3C
330
A02
100
AcDbEntity
  8
View
100
AcDbLine
 10
100.862
 20
125.25
 30
0
 11
100.862
 21
171.43
 31
0
  0
SPLINE
  5
A3D
330
A02
100
AcDbEntity
  8
View
100
AcDbSpline
210
0
220
0
230
1
 70
8
 71
3
 72
11
 73
7
 74
0
 40
0
 40
0
 40
0
 40
0
 40
0.560195
 40
0.560195
 40
0.560195
 40
1
 40
1
 40
1
 40
1
 10
100.862
 20
125.25
 30
0
 10
100.863
 20
124.459
 30
0
 10
100.782
 20
123.676
 30
0
 10
100.643
 20
123.096
 30
0
 10
100.534
 20
122.638
 30
0
 10
100.391
 20
122.303
 30
0
 10
100.236
 20
122.135
 30
0
  0
SPLINE
  5
A3E
330
A02
100
AcDbEntity
  8
View
100
AcDbSpline
210
0
220
0
230
1
 70
8
 71
1
 72
4
 73
2
 74
0
 40
0
 40
0
 40
1
 40
1
 10
100.236
 20
122.135
 30
0
 10
98.4708
 20
120.21
 30
0
  0
SPLINE
  5
A3F
330
A02
100
AcDbEntity
  8
View
100
AcDbSpline
210
0
220
0
230
1
 70
8
 71
2
 72
6
 73
3
 74
0
 40
4.42801
 40
4.42801
 40
4.42801
 40
4.68894
 40
4.68894
 40
4.68894
 10
98.4708
 20
120.21
 30
0
 10
98.373
 20
120.104
 30
0
 10
98.2712
 20
120.094
 30
0
  0
SPLINE
  5
A40
330
A02
100
AcDbEntity
  8
View
100
AcDbSpline
210
0
220
0
230
1
 70
8
 71
1
 72
17
 73
15
 74
0
 40
4.68894
 40
4.68894
 40
4.80282
 40
4.91669
 40
5.03057
 40
5.14444
 40
5.25832
 40
5.37219
 40
5.48606
 40
5.59994
 40
5.71381
 40
5.82769
 40
5.94156
 40
6.05544
 40
6.16931
 40
6.28319
 40
6.28319
 10
98.2712
 20
120.094
 30
0
 10
98.1828
 20
120.105
 30
0
 10
98.0954
 20
120.154
 30
0
 10
98.0101
 20
120.239
 30
0
 10
97.9278
 20
120.36
 30
0
 10
97.8498
 20
120.515
 30
0
 10
97.777
 20
120.701
 30
0
 10
97.7104
 20
120.918
 30
0
 10
97.6508
 20
121.162
 30
0
 10
97.599
 20
121.429
 30
0
 10
97.5557
 20
121.716
 30
0
 10
97.5214
 20
122.02
 30
0
 10
97.4966
 20
122.336
 30
0
 10
97.4815
 20
122.661
 30
0
 10
97.4765
 20
122.99
 30
0
  0
LINE
  5
A41
330
A02
100
AcDbEntity
  8
View
100
AcDbLine
 10
97.4765
 20
173.69
 30
0
 11
97.4765
 21
122.99
 31
0
  0
SPLINE
  5
A42
330
A02
100
AcDbEntity
  8
View
100
AcDbSpline
210
0
220
0
230
1
 70
8
 71
1
 72
17
 73
15
 74
0
 40
-2e-15
 40
-2e-15
 40
0.113874
 40
0.227749
 40
0.341623
 40
0.455497
 40
0.569372
 40
0.683246
 40
0.79712
 40
0.910995
 40
1.02487
 40
1.13874
 40
1.25262
 40
1.36649
 40
1.48037
 40
1.59424
 40
1.59424
 10
97.4765
 20
173.69
 30
0
 10
97.4815
 20
174.019
 30
0
 10
97.4966
 20
174.344
 30
0
 10
97.5214
 20
174.66
 30
0
 10
97.5557
 20
174.964
 30
0
 10
97.599
 20
175.251
 30
0
 10
97.6508
 20
175.518
 30
0
 10
97.7104
 20
175.762
 30
0
 10
97.777
 20
175.979
 30
0
 10
97.8498
 20
176.165
 30
0
 10
97.9278
 20
176.32
 30
0
 10
98.0101
 20
176.441
 30
0
 10
98.0954
 20
176.526
 30
0
 10
98.1828
 20
176.575
 30
0
 10
98.2712
 20
176.586
 30
0
  0
SPLINE
  5
A43
330
A02
100
AcDbEntity
  8
View
100
AcDbSpline
210
0
220
0
230
1
 70
8
 71
2
 72
6
 73
3
 74
0
 40
1.59424
 40
1.59424
 40
1.59424
 40
1.85517
 40
1.85517
 40
1.85517
 10
98.2712
 20
176.586
 30
0
 10
98.373
 20
176.576
 30
0
 10
98.4708
 20
176.47
 30
0
  0
LINE
  5
A44
330
A02
100
AcDbEntity
  8
View
100
AcDbLine
 10
100.236
 20
174.545
 30
0
 11
98.4708
 21
176.47
 31
0
  0
SPLINE
  5
A45
330
A02
100
AcDbEntity
  8
View
100
AcDbSpline
210
0
220
0
230
1
 70
8
 71
3
 72
17
 73
13
 74
0
 40
0
 40
0
 40
0
 40
0
 40
0.296343
 40
0.296343
 40
0.296343
 40
0.637652
 40
0.637652
 40
0.637652
 40
0.821881
 40
0.821881
 40
0.821881
 40
1
 40
1
 40
1
 40
1
 10
107.886
 20
224.578
 30
0
 10
107.737
 20
224.635
 30
0
 10
107.567
 20
224.671
 30
0
 10
107.376
 20
224.686
 30
0
 10
107.157
 20
224.699
 30
0
 10
106.92
 20
224.682
 30
0
 10
106.662
 20
224.599
 30
0
 10
106.523
 20
224.553
 30
0
 10
106.37
 20
224.482
 30
0
 10
106.221
 20
224.378
 30
0
 10
106.076
 20
224.277
 30
0
 10
105.95
 20
224.157
 30
0
 10
105.847
 20
224.041
 30
0
  0
SPLINE
  5
A46
330
A02
100
AcDbEntity
  8
View
100
AcDbSpline
210
0
220
0
230
1
 70
8
 71
3
 72
14
 73
10
 74
0
 40
0
 40
0
 40
0
 40
0
 40
0.284819
 40
0.284819
 40
0.284819
 40
0.495016
 40
0.495016
 40
0.495016
 40
1
 40
1
 40
1
 40
1
 10
104.598
 20
222.792
 30
0
 10
104.419
 20
222.634
 30
0
 10
104.234
 20
222.426
 30
0
 10
104.102
 20
222.185
 30
0
 10
104.005
 20
222.01
 30
0
 10
103.946
 20
221.831
 30
0
 10
103.916
 20
221.672
 30
0
 10
103.847
 20
221.29
 30
0
 10
103.909
 20
220.993
 30
0
 10
103.999
 20
220.739
 30
0
  0
SPLINE
  5
A47
330
A02
100
AcDbEntity
  8
View
100
AcDbSpline
210
0
220
0
230
1
 70
8
 71
3
 72
8
 73
4
 74
0
 40
0.386192
 40
0.386192
 40
0.386192
 40
0.386192
 40
0.613813
 40
0.613813
 40
0.613813
 40
0.613813
 10
104.598
 20
222.792
 30
0
 10
105.017
 20
223.166
 30
0
 10
105.473
 20
223.622
 30
0
 10
105.847
 20
224.041
 30
0
  0
LINE
  5
A48
330
A02
100
AcDbEntity
  8
View
100
AcDbLine
 10
152.602
 20
117.151
 30
0
 11
110.996
 21
211.529
 31
0
  0
SPLINE
  5
A49
330
A02
100
AcDbEntity
  8
View
100
AcDbSpline
210
0
220
0
230
1
 70
8
 71
3
 72
17
 73
13
 74
0
 40
0
 40
0
 40
0
 40
0
 40
0.25
 40
0.25
 40
0.25
 40
0.5
 40
0.5
 40
0.5
 40
0.75
 40
0.75
 40
0.75
 40
1
 40
1
 40
1
 40
1
 10
113.732
 20
217.445
 30
0
 10
113.081
 20
217.433
 30
0
 10
112.433
 20
217.228
 30
0
 10
111.901
 20
216.852
 30
0
 10
111.367
 20
216.478
 30
0
 10
110.956
 20
215.939
 30
0
 10
110.718
 20
215.332
 30
0
 10
110.477
 20
214.725
 30
0
 10
110.407
 20
214.058
 30
0
 10
110.472
 20
213.409
 30
0
 10
110.537
 20
212.758
 30
0
 10
110.732
 20
212.126
 30
0
 10
110.996
 20
211.529
 30
0
  0
ELLIPSE
  5
A4A
330
A02
100
AcDbEntity
  8
View
100
AcDbEllipse
 10
141.043
 20
205.727
 30
0
 11
-4.7196
 21
10.7059
 31
0
 40
0.996195
 41
0
 42
6.28318
  0
SPLINE
  5
A4B
330
A02
100
AcDbEntity
  8
View
100
AcDbSpline
210
0
220
0
230
1
 70
9
 71
1
 72
17
 73
15
 74
0
 40
2.72638
 40
2.72638
 40
3.17518
 40
3.62398
 40
4.07278
 40
4.52158
 40
4.97037
 40
5.41917
 40
5.86797
 40
6.31677
 40
6.76557
 40
7.21437
 40
7.66317
 40
8.11197
 40
8.56077
 40
9.00957
 40
9.00957
 10
142.949
 20
190.84
 30
0
 10
142.785
 20
191.556
 30
0
 10
142.328
 20
192.13
 30
0
 10
141.666
 20
192.449
 30
0
 10
140.932
 20
192.449
 30
0
 10
140.27
 20
192.13
 30
0
 10
139.812
 20
191.556
 30
0
 10
139.649
 20
190.84
 30
0
 10
139.812
 20
190.124
 30
0
 10
140.27
 20
189.55
 30
0
 10
140.932
 20
189.231
 30
0
 10
141.666
 20
189.231
 30
0
 10
142.328
 20
189.55
 30
0
 10
142.785
 20
190.124
 30
0
 10
142.949
 20
190.84
 30
0
  0
SPLINE
  5
A4C
330
A02
100
AcDbEntity
  8
View
100
AcDbSpline
210
0
220
0
230
1
 70
9
 71
1
 72
17
 73
15
 74
0
 40
2.72638
 40
2.72638
 40
3.17518
 40
3.62398
 40
4.07278
 40
4.52158
 40
4.97037
 40
5.41917
 40
5.86797
 40
6.31677
 40
6.76557
 40
7.21437
 40
7.66317
 40
8.11197
 40
8.56077
 40
9.00957
 40
9.00957
 10
142.949
 20
182.84
 30
0
 10
142.785
 20
183.556
 30
0
 10
142.328
 20
184.13
 30
0
 10
141.666
 20
184.449
 30
0
 10
140.932
 20
184.449
 30
0
 10
140.27
 20
184.13
 30
0
 10
139.812
 20
183.556
 30
0
 10
139.649
 20
182.84
 30
0
 10
139.812
 20
182.124
 30
0
 10
140.27
 20
181.55
 30
0
 10
140.932
 20
181.231
 30
0
 10
141.666
 20
181.231
 30
0
 10
142.328
 20
181.55
 30
0
 10
142.785
 20
182.124
 30
0
 10
142.949
 20
182.84
 30
0
  0
SPLINE
  5
A4D
330
A02
100
AcDbEntity
  8
View
100
AcDbSpline
210
0
220
0
230
1
 70
9
 71
1
 72
17
 73
15
 74
0
 40
2.72638
 40
2.72638
 40
3.17518
 40
3.62398
 40
4.07278
 40
4.52158
 40
4.97037
 40
5.41917
 40
5.86797
 40
6.31677
 40
6.76557
 40
7.21437
 40
7.66317
 40
8.11197
 40
8.56077
 40
9.00957
 40
9.00957
 10
142.949
 20
174.84
 30
0
 10
142.785
 20
175.556
 30
0
 10
142.328
 20
176.13
 30
0
 10
141.666
 20
176.449
 30
0
 10
140.932
 20
176.449
 30
0
 10
140.27
 20
176.13
 30
0
 10
139.812
 20
175.556
 30
0
 10
139.649
 20
174.84
 30
0
 10
139.812
 20
174.124
 30
0
 10
140.27
 20
173.55
 30
0
 10
140.932
 20
173.231
 30
0
 10
141.666
 20
173.231
 30
0
 10
142.328
 20
173.55
 30
0
 10
142.785
 20
174.124
 30
0
 10
142.949
 20
174.84
 30
0
  0
ELLIPSE
  5
A4E
330
A02
100
AcDbEntity
  8
View
100
AcDbEllipse
 10
141.258
 20
205.822
 30
0
 11
-3.63046
 21
8.23527
 31
0
 40
0.996195
 41
0
 42
6.28318
  0
CIRCLE
  5
A4F
330
A02
100
AcDbEntity
  8
View
100
AcDbCircle
 10
141.299
 20
190.84
 40
1.2
  0
CIRCLE
  5
A50
330
A02
100
AcDbEntity
  8
View
100
AcDbCircle
 10
141.299
 20
182.84
 40
1.2
  0
CIRCLE
  5
A51
330
A02
100
AcDbEntity
  8
View
100
AcDbCircle
 10
141.299
 20
174.84
 40
1.2
  0
SPLINE
  5
A52
330
A02
100
AcDbEntity
  8
View
100
AcDbSpline
210
0
220
0
230
1
 70
8
 71
3
 72
17
 73
13
 74
0
 40
0
 40
0
 40
0
 40
0
 40
0.253462
 40
0.253462
 40
0.253462
 40
0.546653
 40
0.546653
 40
0.546653
 40
0.716834
 40
0.716834
 40
0.716834
 40
1
 40
1
 40
1
 40
1
 10
142.299
 20
205.84
 30
0
 10
142.301
 20
206.144
 30
0
 10
142.152
 20
206.447
 30
0
 10
141.911
 20
206.631
 30
0
 10
141.634
 20
206.849
 30
0
 10
141.249
 20
206.895
 30
0
 10
140.942
 20
206.774
 30
0
 10
140.763
 20
206.706
 30
0
 10
140.611
 20
206.588
 30
0
 10
140.503
 20
206.446
 30
0
 10
140.321
 20
206.207
 30
0
 10
140.27
 20
205.914
 30
0
 10
140.313
 20
205.671
 30
0
  0
SPLINE
  5
A53
330
A02
100
AcDbEntity
  8
View
100
AcDbSpline
210
0
220
0
230
1
 70
8
 71
3
 72
17
 73
13
 74
0
 40
0
 40
0
 40
0
 40
0
 40
0.263482
 40
0.263482
 40
0.263482
 40
0.44771
 40
0.44771
 40
0.44771
 40
0.777143
 40
0.777143
 40
0.777143
 40
1
 40
1
 40
1
 40
1
 10
140.313
 20
205.671
 30
0
 10
140.351
 20
205.451
 30
0
 10
140.455
 20
205.262
 30
0
 10
140.624
 20
205.102
 30
0
 10
140.742
 20
204.993
 30
0
 10
140.897
 20
204.906
 30
0
 10
141.075
 20
204.865
 30
0
 10
141.39
 20
204.788
 30
0
 10
141.776
 20
204.884
 30
0
 10
142.027
 20
205.154
 30
0
 10
142.197
 20
205.333
 30
0
 10
142.3
 20
205.584
 30
0
 10
142.299
 20
205.84
 30
0
  0
SPLINE
  5
A54
330
A02
100
AcDbEntity
  8
View
100
AcDbSpline
210
0
220
0
230
1
 70
8
 71
3
 72
29
 73
25
 74
0
 40
0
 40
0
 40
0
 40
0
 40
0.125
 40
0.125
 40
0.125
 40
0.25
 40
0.25
 40
0.25
 40
0.375
 40
0.375
 40
0.375
 40
0.5
 40
0.5
 40
0.5
 40
0.625
 40
0.625
 40
0.625
 40
0.75
 40
0.75
 40
0.75
 40
0.875
 40
0.875
 40
0.875
 40
1
 40
1
 40
1
 40
1
 10
137.144
 20
214.937
 30
0
 10
138.386
 20
215.485
 30
0
 10
139.741
 20
215.775
 30
0
 10
141.099
 20
215.781
 30
0
 10
142.457
 20
215.789
 30
0
 10
143.817
 20
215.515
 30
0
 10
145.066
 20
214.98
 30
0
 10
146.304
 20
214.452
 30
0
 10
147.435
 20
213.67
 30
0
 10
148.366
 20
212.696
 30
0
 10
149.298
 20
211.723
 30
0
 10
150.031
 20
210.559
 30
0
 10
150.505
 20
209.297
 30
0
 10
150.91
 20
208.225
 30
0
 10
151.128
 20
207.084
 30
0
 10
151.148
 20
205.939
 30
0
 10
151.169
 20
204.794
 30
0
 10
150.991
 20
203.646
 30
0
 10
150.625
 20
202.563
 30
0
 10
150.185
 20
201.256
 30
0
 10
149.47
 20
200.044
 30
0
 10
148.541
 20
199.028
 30
0
 10
147.613
 20
198.011
 30
0
 10
146.471
 20
197.191
 30
0
 10
145.212
 20
196.637
 30
0
  0
LINE
  5
A55
330
A02
100
AcDbEntity
  8
View
100
AcDbLine
 10
109.264
 20
96.8386
 30
0
 11
106.779
 21
103.713
 31
0
  0
LINE
  5
A56
330
A02
100
AcDbEntity
  8
View
100
AcDbLine
 10
155.699
 20
104.046
 30
0
 11
154.06
 21
96.8386
 31
0
  0
LINE
  5
A57
330
A02
100
AcDbEntity
  8
View
100
AcDbLine
 10
110.577
 20
103.856
 30
0
 11
149.399
 21
104.697
 31
0
  0
LINE
  5
A58
330
A02
100
AcDbEntity
  8
View
100
AcDbLine
 10
107.118
 20
97.7419
 30
0
 11
104.661
 21
104.54
 31
0
  0
SPLINE
  5
A59
330
A02
100
AcDbEntity
  8
View
100
AcDbSpline
210
0
220
0
230
1
 70
8
 71
3
 72
11
 73
7
 74
0
 40
0
 40
0
 40
0
 40
0
 40
0.614666
 40
0.614666
 40
0.614666
 40
1.22933
 40
1.22933
 40
1.22933
 40
1.22933
 10
103.815
 20
110.618
 30
0
 10
104.183
 20
110.564
 30
0
 10
104.992
 20
110.511
 30
0
 10
106.097
 20
110.467
 30
0
 10
107.197
 20
110.423
 30
0
 10
108.588
 20
110.389
 30
0
 10
110.018
 20
110.372
 30
0
  0
SPLINE
  5
A5A
330
A02
100
AcDbEntity
  8
View
100
AcDbSpline
210
0
220
0
230
1
 70
8
 71
3
 72
11
 73
7
 74
0
 40
0
 40
0
 40
0
 40
0
 40
0.637347
 40
0.637347
 40
0.637347
 40
1.27469
 40
1.27469
 40
1.27469
 40
1.27469
 10
110.018
 20
110.372
 30
0
 10
110.054
 20
108.885
 30
0
 10
110.129
 20
107.42
 30
0
 10
110.229
 20
106.258
 30
0
 10
110.329
 20
105.092
 30
0
 10
110.452
 20
104.237
 30
0
 10
110.577
 20
103.856
 30
0
  0
LINE
  5
A5B
330
A02
100
AcDbEntity
  8
View
100
AcDbLine
 10
157.751
 20
104.639
 30
0
 11
156.18
 21
97.729
 31
0
  0
LINE
  5
A5C
330
A02
100
AcDbEntity
  8
View
100
AcDbLine
 10
110.018
 20
110.372
 30
0
 11
148.841
 21
111.212
 31
0
  0
SPLINE
  5
A5D
330
A02
100
AcDbEntity
  8
View
100
AcDbSpline
210
0
220
0
230
1
 70
8
 71
3
 72
11
 73
7
 74
0
 40
0
 40
0
 40
0
 40
0
 40
0.637347
 40
0.637347
 40
0.637347
 40
1.27469
 40
1.27469
 40
1.27469
 40
1.27469
 10
148.841
 20
111.212
 30
0
 10
148.877
 20
109.725
 30
0
 10
148.952
 20
108.26
 30
0
 10
149.052
 20
107.099
 30
0
 10
149.152
 20
105.933
 30
0
 10
149.275
 20
105.077
 30
0
 10
149.399
 20
104.697
 30
0
  0
SPLINE
  5
A5E
330
A02
100
AcDbEntity
  8
View
100
AcDbSpline
210
0
220
0
230
1
 70
8
 71
3
 72
11
 73
7
 74
0
 40
0
 40
0
 40
0
 40
0
 40
1.81629
 40
1.81629
 40
1.81629
 40
3.63258
 40
3.63258
 40
3.63258
 40
3.63258
 10
158.772
 20
113.489
 30
0
 10
158.409
 20
114.112
 30
0
 10
157.606
 20
114.734
 30
0
 10
156.507
 20
115.347
 30
0
 10
155.412
 20
115.961
 30
0
 10
154.027
 20
116.564
 30
0
 10
152.602
 20
117.151
 30
0
  0
LINE
  5
A5F
330
A02
100
AcDbEntity
  8
View
100
AcDbLine
 10
104.499
 20
104.702
 30
0
 11
97.7008
 21
107.159
 31
0
  0
LINE
  5
A60
330
A02
100
AcDbEntity
  8
View
100
AcDbLine
 10
159
 20
105.888
 30
0
 11
165.91
 21
107.459
 31
0
  0
LINE
  5
A61
330
A02
100
AcDbEntity
  8
View
100
AcDbLine
 10
159.492
 20
107.917
 30
0
 11
166.8
 21
109.579
 31
0
  0
LINE
  5
A62
330
A02
100
AcDbEntity
  8
View
100
AcDbLine
 10
159.918
 20
221.862
 30
0
 11
166.8
 21
219.375
 31
0
  0
LINE
  5
A63
330
A02
100
AcDbEntity
  8
View
100
AcDbLine
 10
158.772
 20
113.489
 30
0
 11
159.783
 21
218.062
 31
0
  0
LINE
  5
A64
330
A02
100
AcDbEntity
  8
View
100
AcDbLine
 10
159.099
 20
223.978
 30
0
 11
165.897
 21
221.521
 31
0
  0
LINE
  5
A65
330
A02
100
AcDbEntity
  8
View
100
AcDbLine
 10
156.48
 20
230.938
 30
0
 11
158.937
 21
224.14
 31
0
  0
LINE
  5
A66
330
A02
100
AcDbEntity
  8
View
100
AcDbLine
 10
154.334
 20
231.841
 30
0
 11
156.818
 21
224.967
 31
0
  0
LINE
  5
A67
330
A02
100
AcDbEntity
  8
View
100
AcDbLine
 10
103.68
 20
106.818
 30
0
 11
96.7974
 21
109.305
 31
0
  0
LINE
  5
A68
330
A02
100
AcDbEntity
  8
View
100
AcDbLine
 10
107.886
 20
224.578
 30
0
 11
109.538
 21
231.841
 31
0
  0
LINE
  5
A69
330
A02
100
AcDbEntity
  8
View
100
AcDbLine
 10
153.021
 20
224.824
 30
0
 11
113.173
 21
223.961
 31
0
  0
LINE
  5
A6A
330
A02
100
AcDbEntity
  8
View
100
AcDbLine
 10
103.999
 20
220.739
 30
0
 11
96.7974
 21
219.101
 31
0
  0
LINE
  5
A6B
330
A02
100
AcDbEntity
  8
View
100
AcDbLine
 10
104.793
 20
211.775
 30
0
 11
103.815
 21
110.618
 31
0
  0
LINE
  5
A6C
330
A02
100
AcDbEntity
  8
View
100
AcDbLine
 10
105.847
 20
224.041
 30
0
 11
107.418
 21
230.951
 31
0
  0
LINE
  5
A6D
330
A02
100
AcDbEntity
  8
View
100
AcDbLine
 10
104.598
 20
222.792
 30
0
 11
97.6879
 21
221.221
 31
0
  0
SPLINE
  5
A6E
330
A02
100
AcDbEntity
  8
View
100
AcDbSpline
210
0
220
0
230
1
 70
8
 71
3
 72
11
 73
7
 74
0
 40
0
 40
0
 40
0
 40
0
 40
0.614666
 40
0.614666
 40
0.614666
 40
1.22933
 40
1.22933
 40
1.22933
 40
1.22933
 10
110.996
 20
211.529
 30
0
 10
109.565
 20
211.547
 30
0
 10
108.175
 20
211.581
 30
0
 10
107.074
 20
211.625
 30
0
 10
105.97
 20
211.668
 30
0
 10
105.161
 20
211.722
 30
0
 10
104.793
 20
211.775
 30
0
  0
LINE
  5
A6F
330
A02
100
AcDbEntity
  8
View
100
AcDbLine
 10
110.996
 20
211.529
 30
0
 11
110.018
 21
110.372
 31
0
  0
LINE
  5
A70
330
A02
100
AcDbEntity
  8
View
100
AcDbLine
 10
152.602
 20
117.151
 30
0
 11
153.579
 21
218.308
 31
0
  0
SPLINE
  5
A71
330
A02
100
AcDbEntity
  8
View
100
AcDbSpline
210
0
220
0
230
1
 70
8
 71
3
 72
11
 73
7
 74
0
 40
0
 40
0
 40
0
 40
0
 40
0.614666
 40
0.614666
 40
0.614666
 40
1.22933
 40
1.22933
 40
1.22933
 40
1.22933
 10
153.579
 20
218.308
 30
0
 10
155.01
 20
218.291
 30
0
 10
156.4
 20
218.257
 30
0
 10
157.501
 20
218.213
 30
0
 10
158.605
 20
218.169
 30
0
 10
159.414
 20
218.116
 30
0
 10
159.783
 20
218.062
 30
0
  0
SPLINE
  5
A72
330
A02
100
AcDbEntity
  8
View
100
AcDbSpline
210
0
220
0
230
1
 70
8
 71
3
 72
11
 73
7
 74
0
 40
0
 40
0
 40
0
 40
0
 40
0.637347
 40
0.637347
 40
0.637347
 40
1.27469
 40
1.27469
 40
1.27469
 40
1.27469
 10
153.021
 20
224.824
 30
0
 10
153.145
 20
224.443
 30
0
 10
153.269
 20
223.588
 30
0
 10
153.368
 20
222.422
 30
0
 10
153.468
 20
221.26
 30
0
 10
153.543
 20
219.795
 30
0
 10
153.579
 20
218.308
 30
0
  0
LINE
  5
A73
330
A02
100
AcDbEntity
  8
View
100
AcDbLine
 10
153.579
 20
218.308
 30
0
 11
113.732
 21
217.445
 31
0
  0
SPLINE
  5
A74
330
A02
100
AcDbEntity
  8
View
100
AcDbSpline
210
0
220
0
230
1
 70
8
 71
3
 72
11
 73
7
 74
0
 40
0
 40
0
 40
0
 40
0
 40
0.637347
 40
0.637347
 40
0.637347
 40
1.27469
 40
1.27469
 40
1.27469
 40
1.27469
 10
113.173
 20
223.961
 30
0
 10
113.297
 20
223.58
 30
0
 10
113.421
 20
222.725
 30
0
 10
113.521
 20
221.559
 30
0
 10
113.621
 20
220.397
 30
0
 10
113.696
 20
218.932
 30
0
 10
113.732
 20
217.445
 30
0
  0
LINE
  5
A75
330
A02
100
AcDbEntity
  8
View
100
AcDbLine
 10
97.4765
 20
122.99
 30
0
 11
100.617
 21
122.99
 31
0
  0
LINE
  5
A76
330
A02
100
AcDbEntity
  8
View
100
AcDbLine
 10
97.4765
 20
173.69
 30
0
 11
100.617
 21
173.69
 31
0
  0
ELLIPSE
  5
A77
330
A02
100
AcDbEntity
  8
View
100
AcDbEllipse
 10
141.178
 20
205.787
 30
0
 11
-4.03385
 21
9.15031
 31
0
 40
0.996195
 41
-1.77636e-15
 42
-5.12901
  0
ELLIPSE
  5
A78
330
A02
100
AcDbEntity
  8
View
100
AcDbEllipse
 10
141.178
 20
205.787
 30
0
 11
-4.03385
 21
9.15031
 31
0
 40
0.996195
 41
-5.12901
 42
-3.14159
  0
ELLIPSE
  5
A79
330
A02
100
AcDbEntity
  8
View
100
AcDbEllipse
 10
141.249
 20
205.818
 30
0
 11
3.44108
 21
-7.80569
 31
0
 40
0.996195
 41
0
 42
6.28318
  0
LINE
  5
A7A
330
A02
100
AcDbEntity
  8
View
100
AcDbLine
 10
131.799
 20
97.4517
 30
0
 11
131.799
 21
99.8395
 31
0
  0
LINE
  5
A7B
330
A02
100
AcDbEntity
  8
View
100
AcDbLine
 10
131.799
 20
100.84
 30
0
 11
131.799
 21
102.709
 31
0
  0
ELLIPSE
  5
A7C
330
A02
100
AcDbEntity
  8
View
100
AcDbEllipse
 10
129.515
 20
205.82
 30
0
 11
1.7
 21
1.04095e-16
 31
0
 40
0.0352696
 41
-1.65063
 42
-0.0798349
  0
ELLIPSE
  5
A7D
330
A02
100
AcDbEntity
  8
View
100
AcDbEllipse
 10
132.207
 20
205.812
 30
0
 11
1
 21
6.12323e-17
 31
0
 40
0.0352696
 41
-4.79222
 42
-3.22143
  0
ELLIPSE
  5
A7E
330
A02
100
AcDbEntity
  8
View
100
AcDbEllipse
 10
132.207
 20
205.812
 30
0
 11
1
 21
6.12323e-17
 31
0
 40
0.0352696
 41
-5.28092
 42
-4.79222
  0
LINE
  5
A7F
330
A02
100
AcDbEntity
  8
View
100
AcDbLine
 10
140.313
 20
205.671
 30
0
 11
132.745
 21
205.842
 31
0
  0
ENDSEC
  0
SECTION
  2
OBJECTS
  0
DICTIONARY
  5
F000
330
0
100
AcDbDictionary
  3
ACAD_GROUP
350
F001
  0
DICTIONARY
  5
F001
330
F000
100
AcDbDictionary
  0
ENDSEC
  0
EOF